0 0.55224609375 0.37812041116005873 0.2890625 0.17914831130690162
2 0.931640625 0.3590308370044053 0.017578125 0.06461086637298091
2 0.8876953125 0.36490455212922174 0.0146484375 0.0631424375917768
2 0.8720703125 0.3671071953010279 0.015625 0.06020558002936858
2 0.84619140625 0.37812041116005873 0.0146484375 0.03524229074889868
2 0.8291015625 0.3671071953010279 0.013671875 0.05726872246696035
2 0.81787109375 0.2966226138032305 0.013671875 0.055800293685756244
4 0.89794921875 0.33480176211453744 0.181640625 0.12334801762114538
2 0.74951171875 0.368575624082232 0.015625 0.0631424375917768
2 0.71484375 0.36123348017621143 0.015625 0.055800293685756244
2 0.6904296875 0.3524229074889868 0.0107421875 0.04698972099853157
2 0.6708984375 0.33627019089574156 0.0087890625 0.013215859030837005
2 0.40185546875 0.3671071953010279 0.0126953125 0.05726872246696035
2 0.369140625 0.3832599118942731 0.0185546875 0.08076358296622614
2 0.3173828125 0.3803230543318649 0.0146484375 0.08223201174743025
2 0.29833984375 0.3788546255506608 0.017578125 0.08076358296622614
2 0.28369140625 0.3766519823788546 0.0126953125 0.08223201174743025
2 0.26904296875 0.3436123348017621 0.0087890625 0.022026431718061675
2 0.265625 0.3751835535976505 0.0185546875 0.08957415565345081
2 0.24951171875 0.36930983847283405 0.0107421875 0.08223201174743025
2 0.2353515625 0.3509544787077827 0.0126953125 0.05286343612334802
2 0.2392578125 0.37958883994126286 0.015625 0.08223201174743025
2 0.16796875 0.3590308370044053 0.015625 0.05433186490455213
2 0.14453125 0.3634361233480176 0.013671875 0.0513950073421439
4 0.05029296875 0.30983847283406757 0.1005859375 0.1527165932452276
4 0.68310546875 0.3267254038179148 0.138671875 0.08957415565345081
2 0.7392578125 0.30323054331864907 0.0078125 0.033773861967694566
4 0.37939453125 0.3575624082232012 0.0908203125 0.07488986784140969