0 0.38615023474178406 0.4864583333333333 0.4154929577464789 0.36041666666666666
0 0.22300469483568075 0.6625 0.41431924882629106 0.34791666666666665
0 0.11561032863849766 0.8 0.22065727699530516 0.3854166666666667
4 0.6232394366197183 0.3302083333333333 0.36971830985915494 0.33958333333333335
4 0.8315727699530516 0.22604166666666667 0.31572769953051644 0.3645833333333333
2 0.3374413145539906 0.8520833333333333 0.04460093896713615 0.2125
2 0.2711267605633803 0.828125 0.05868544600938967 0.10833333333333334
2 0.44366197183098594 0.7385416666666667 0.04225352112676056 0.2375
2 0.556924882629108 0.7083333333333334 0.035211267605633804 0.2
2 0.5880281690140845 0.6989583333333333 0.029342723004694836 0.17916666666666667
2 0.6555164319248826 0.6895833333333333 0.04342723004694836 0.21458333333333332
2 0.7183098591549296 0.7729166666666667 0.04929577464788732 0.21458333333333332
2 0.7470657276995305 0.85625 0.0528169014084507 0.25416666666666665
2 0.8286384976525821 0.89375 0.03990610328638498 0.20416666666666666
2 0.9113849765258216 0.578125 0.04342723004694836 0.21041666666666667
2 0.8526995305164319 0.525 0.04107981220657277 0.1875
2 0.7693661971830986 0.53125 0.036384976525821594 0.19583333333333333
2 0.812793427230047 0.515625 0.02699530516431925 0.2
2 0.937206572769953 0.4708333333333333 0.029342723004694836 0.20625
2 0.9565727699530516 0.4552083333333333 0.023474178403755867 0.2