2 0.9736456808199122 0.345703125 0.0527086383601757 0.064453125
3 0.4992679355783309 0.8193359375 0.9985358711566618 0.283203125
3 0.5805270863836017 0.306640625 0.34260614934114203 0.203125
2 0.972913616398243 0.72265625 0.0527086383601757 0.0419921875
2 0.7693997071742313 0.72705078125 0.04978038067349927 0.0400390625
2 0.8243045387994143 0.77294921875 0.13177159590043924 0.1181640625
2 0.7115666178623719 0.775390625 0.16251830161054173 0.11328125
2 0.6947291361639825 0.6962890625 0.14202049780380674 0.1044921875
2 0.5746705710102489 0.67529296875 0.16544655929721816 0.146484375
2 0.5651537335285505 0.751953125 0.19765739385065886 0.1884765625
2 0.43997071742313326 0.69287109375 0.07320644216691069 0.109375
2 0.3718887262079063 0.6455078125 0.1273792093704246 0.0732421875
2 0.349194729136164 0.67431640625 0.08931185944363104 0.103515625
2 0.3418740849194729 0.69775390625 0.2020497803806735 0.158203125
2 0.21522693997071743 0.66357421875 0.06588579795021962 0.056640625
2 0.1603221083455344 0.6513671875 0.036603221083455345 0.0302734375
2 0.14641288433382138 0.7021484375 0.1171303074670571 0.1572265625
2 0.37920937042459735 0.8134765625 0.23572474377745242 0.1337890625
2 0.20131771595900438 0.79345703125 0.14055636896046853 0.1015625
2 0.1398243045387994 0.80078125 0.22108345534407028 0.1201171875
2 0.060029282576866766 0.72900390625 0.04538799414348463 0.0302734375
2 0.024890190336749635 0.80322265625 0.04978038067349927 0.123046875
2 0.6178623718887262 0.271484375 0.08345534407027819 0.0869140625
2 0.568814055636896 0.21728515625 0.05710102489019034 0.0478515625
2 0.5058565153733529 0.2158203125 0.0424597364568082 0.0322265625
2 0.5021961932650073 0.2529296875 0.08345534407027819 0.0458984375
2 0.5219619326500732 0.28857421875 0.06442166910688141 0.046875
2 0.47584187408491946 0.2939453125 0.07027818448023426 0.0556640625
2 0.6698389458272328 0.2607421875 0.08784773060029283 0.1123046875
2 0.363103953147877 0.34423828125 0.03953147877013177 0.0498046875
2 0.32430453879941434 0.35400390625 0.043923865300146414 0.068359375
2 0.2225475841874085 0.3583984375 0.04538799414348463 0.0693359375
2 0.39970717423133234 0.337890625 0.020497803806734993 0.03515625
2 0.773792093704246 0.333984375 0.029282576866764276 0.041015625
2 0.8103953147877013 0.3330078125 0.01903367496339678 0.0302734375
2 0.8821376281112738 0.3466796875 0.04685212298682284 0.0703125
2 0.9765739385065886 0.34716796875 0.02635431918008785 0.03125
2 0.9509516837481699 0.3359375 0.02342606149341142 0.044921875
2 0.9238653001464129 0.3349609375 0.01903367496339678 0.041015625
2 0.8674963396778916 0.32373046875 0.01171303074670571 0.0146484375
2 0.8528550512445096 0.34228515625 0.032210834553440704 0.05078125
2 0.8308931185944363 0.32470703125 0.016105417276720352 0.033203125
2 0.046120058565153735 0.29052734375 0.043923865300146414 0.0224609375
2 0.02562225475841874 0.28955078125 0.027818448023426062 0.03125
2 0.005856515373352855 0.29443359375 0.01171303074670571 0.0224609375
2 0.07174231332357248 0.2861328125 0.03513909224011713 0.025390625
2 0.11200585651537336 0.2802734375 0.032210834553440704 0.0244140625
4 0.10688140556368961 0.35546875 0.21376281112737922 0.1123046875
4 0.26281112737920936 0.33740234375 0.0951683748169839 0.060546875