0 0.138671875 0.49432624113475176 0.150390625 0.10780141843971631
0 0.32568359375 0.49148936170212765 0.142578125 0.10638297872340426
0 0.47021484375 0.4907801418439716 0.1279296875 0.09645390070921986
0 0.6005859375 0.48156028368794324 0.1025390625 0.08936170212765958
0 0.71728515625 0.4829787234042553 0.0947265625 0.07659574468085106
4 0.337890625 0.4049645390070922 0.060546875 0.04113475177304964
2 0.15087890625 0.4432624113475177 0.0234375 0.04822695035460993
2 0.16845703125 0.5134751773049645 0.013671875 0.06666666666666667
2 0.18701171875 0.5156028368794326 0.013671875 0.06382978723404255
2 0.32470703125 0.450354609929078 0.01953125 0.03546099290780142
2 0.4765625 0.43829787234042555 0.0107421875 0.04539007092198582
2 0.486328125 0.4375886524822695 0.01171875 0.04964539007092199
2 0.55322265625 0.5014184397163121 0.013671875 0.062411347517730496
2 0.62548828125 0.4390070921985816 0.0107421875 0.04964539007092199
2 0.78271484375 0.4929078014184397 0.0146484375 0.0524822695035461