3 0.61279296875 0.30837004405286345 0.3291015625 0.4581497797356828
2 0.39794921875 0.4522760646108664 0.1953125 0.4170337738619677
2 0.107421875 0.4045521292217327 0.080078125 0.328928046989721
2 0.021484375 0.20704845814977973 0.01171875 0.04552129221732746
2 0.01318359375 0.19016152716593246 0.013671875 0.055800293685756244
2 0.02099609375 0.171071953010279 0.0087890625 0.030837004405286344
2 0.10595703125 0.1145374449339207 0.013671875 0.048458149779735685
2 0.18359375 0.11820851688693099 0.01171875 0.04405286343612335
4 0.30908203125 0.09985315712187959 0.177734375 0.09691629955947137
2 0.81640625 0.3590308370044053 0.05859375 0.2143906020558003
2 0.64013671875 0.16299559471365638 0.0439453125 0.09397944199706314