2 0.45208333333333334 0.641875 0.24166666666666667 0.56375
2 0.285 0.631875 0.2 0.50625
2 0.5704166666666667 0.35625 0.03333333333333333 0.065
2 0.79 0.609375 0.0075 0.02
2 0.9825 0.615 0.005 0.01875
2 0.9766666666666667 0.615 0.005833333333333334 0.01625
2 0.9154166666666667 0.61375 0.0033333333333333335 0.0175
2 0.9383333333333334 0.610625 0.004166666666666667 0.01125
2 0.9291666666666667 0.611875 0.004166666666666667 0.00875
2 0.9429166666666666 0.61125 0.004166666666666667 0.01125
2 0.9704166666666667 0.614375 0.0033333333333333335 0.015
2 0.6220833333333333 0.601875 0.005 0.01375
2 0.15 0.586875 0.004166666666666667 0.01375