3 0.28515625 0.6654465592972182 0.568359375 0.5651537335285505
2 0.3173828125 0.36749633967789164 0.0654296875 0.12005856515373353
2 0.39501953125 0.37481698389458273 0.052734375 0.09809663250366032
4 0.646484375 0.616398243045388 0.1181640625 0.16105417276720352
4 0.71826171875 0.6200585651537335 0.025390625 0.07174231332357248
2 0.76806640625 0.6266471449487555 0.025390625 0.06734992679355783
2 0.90576171875 0.6493411420204978 0.0224609375 0.08638360175695461
2 0.966796875 0.6295754026354319 0.0205078125 0.06442166910688141
2 0.88525390625 0.616398243045388 0.0107421875 0.0424597364568082
2 0.8720703125 0.6105417276720352 0.0078125 0.048316251830161056
2 0.8564453125 0.6120058565153733 0.0078125 0.032210834553440704
2 0.86376953125 0.6134699853587116 0.0068359375 0.03074670571010249