3 0.365234375 0.549264705882353 0.3583984375 0.38382352941176473
0 0.75 0.5823529411764706 0.45703125 0.5529411764705883
4 0.13818359375 0.625 0.140625 0.14558823529411766
2 0.8662109375 0.46691176470588236 0.0673828125 0.052941176470588235
2 0.66015625 0.3220588235294118 0.0966796875 0.2073529411764706
2 0.7021484375 0.2647058823529412 0.0458984375 0.07647058823529412
2 0.58740234375 0.32573529411764707 0.0810546875 0.18235294117647058
2 0.33837890625 0.32941176470588235 0.0615234375 0.06323529411764706
2 0.1630859375 0.5294117647058824 0.0341796875 0.04852941176470588
2 0.1552734375 0.47794117647058826 0.0302734375 0.03676470588235294
2 0.10205078125 0.5639705882352941 0.05078125 0.10294117647058823
2 0.08837890625 0.5338235294117647 0.0244140625 0.039705882352941174
2 0.0556640625 0.5794117647058824 0.0263671875 0.15
2 0.03271484375 0.5794117647058824 0.0244140625 0.1514705882352941
2 0.00732421875 0.5264705882352941 0.0146484375 0.060294117647058824